1.830800018310546875e+02 1.834799957275390625e+02 1.808899993896484375e+02 1.830099945068359375e+02 8.581500000000000000e+06 0.000000000000000000e+00 0.000000000000000000e+00
1.802799987792968750e+02 1.805399932861328125e+02 1.771600036621093750e+02 1.774700012207031250e+02 1.522650000000000000e+07 0.000000000000000000e+00 0.000000000000000000e+00
1.750000000000000000e+02 1.750500030517578125e+02 1.610099945068359375e+02 1.641499938964843750e+02 5.605960000000000000e+07 0.000000000000000000e+00 0.000000000000000000e+00
1.637100067138671875e+02 1.682799987792968750e+02 1.608399963378906250e+02 1.675000000000000000e+02 4.604430000000000000e+07 0.000000000000000000e+00 0.000000000000000000e+00
1.674799957275390625e+02 1.687200012207031250e+02 1.646300048828125000e+02 1.681699981689453125e+02 1.975830000000000000e+07 0.000000000000000000e+00 0.000000000000000000e+00
1.683000030517578125e+02 1.696999969482421875e+02 1.672299957275390625e+02 1.683300018310546875e+02 1.244640000000000000e+07 0.000000000000000000e+00 0.000000000000000000e+00
1.701699981689453125e+02 1.738699951171875000e+02 1.688399963378906250e+02 1.733500061035156250e+02 1.691730000000000000e+07 0.000000000000000000e+00 0.000000000000000000e+00
1.747500000000000000e+02 1.778600006103515625e+02 1.738000030517578125e+02 1.748200073242187500e+02 1.476790000000000000e+07 0.000000000000000000e+00 0.000000000000000000e+00
1.784799957275390625e+02 1.799799957275390625e+02 1.767899932861328125e+02 1.781000061035156250e+02 1.526660000000000000e+07 0.000000000000000000e+00 0.000000000000000000e+00
1.783800048828125000e+02 1.792700042724609375e+02 1.728800048828125000e+02 1.750399932861328125e+02 1.769980000000000000e+07 0.000000000000000000e+00 0.000000000000000000e+00
1.755299987792968750e+02 1.780299987792968750e+02 1.746100006103515625e+02 1.774700012207031250e+02 1.225360000000000000e+07 0.000000000000000000e+00 0.000000000000000000e+00
1.805099945068359375e+02 1.818399963378906250e+02 1.800000000000000000e+02 1.813300018310546875e+02 1.677370000000000000e+07 0.000000000000000000e+00 0.000000000000000000e+00
1.850099945068359375e+02 1.895000000000000000e+02 1.844100036621093750e+02 1.890099945068359375e+02 2.945990000000000000e+07 0.000000000000000000e+00 0.000000000000000000e+00
1.940000000000000000e+02 1.945299987792968750e+02 1.872799987792968750e+02 1.884700012207031250e+02 3.757140000000000000e+07 0.000000000000000000e+00 0.000000000000000000e+00
1.870000000000000000e+02 1.881000061035156250e+02 1.845500030517578125e+02 1.874799957275390625e+02 2.141710000000000000e+07 0.000000000000000000e+00 0.000000000000000000e+00
1.909499969482421875e+02 1.911600036621093750e+02 1.876399993896484375e+02 1.895299987792968750e+02 1.463570000000000000e+07 0.000000000000000000e+00 0.000000000000000000e+00
1.887500000000000000e+02 1.920000000000000000e+02 1.887500000000000000e+02 1.911399993896484375e+02 2.275120000000000000e+07 0.000000000000000000e+00 0.000000000000000000e+00
1.924199981689453125e+02 1.939799957275390625e+02 1.915700073242187500e+02 1.926000061035156250e+02 1.550900000000000000e+07 0.000000000000000000e+00 0.000000000000000000e+00
1.928800048828125000e+02 1.931399993896484375e+02 1.881300048828125000e+02 1.888399963378906250e+02 1.675030000000000000e+07 0.000000000000000000e+00 0.000000000000000000e+00
1.895399932861328125e+02 1.907599945068359375e+02 1.873099975585937500e+02 1.876600036621093750e+02 1.280860000000000000e+07 0.000000000000000000e+00 0.000000000000000000e+00
1.898800048828125000e+02 1.988800048828125000e+02 1.882700042724609375e+02 1.895000000000000000e+02 1.115900000000000000e+07 0.000000000000000000e+00 0.000000000000000000e+00
1.905500030517578125e+02 1.931999969482421875e+02 1.899400024414062500e+02 1.930000000000000000e+02 1.637890000000000000e+07 0.000000000000000000e+00 0.000000000000000000e+00
1.952100067138671875e+02 1.952799987792968750e+02 1.919299926757812500e+02 1.930000000000000000e+02 1.418180000000000000e+07 0.000000000000000000e+00 0.000000000000000000e+00
1.930000000000000000e+02 1.950000000000000000e+02 1.927100067138671875e+02 1.950000000000000000e+02 9.050000000000000000e+06 0.000000000000000000e+00 0.000000000000000000e+00
1.941600036621093750e+02 1.973999938964843750e+02 1.941600036621093750e+02 1.971999969482421875e+02 1.024610000000000000e+07 0.000000000000000000e+00 0.000000000000000000e+00
1.961799926757812500e+02 1.970700073242187500e+02 1.941699981689453125e+02 1.963999938964843750e+02 1.116410000000000000e+07 0.000000000000000000e+00 0.000000000000000000e+00
1.951900024414062500e+02 1.966799926757812500e+02 1.936399993896484375e+02 1.957599945068359375e+02 9.723900000000000000e+06 0.000000000000000000e+00 0.000000000000000000e+00
1.949700012207031250e+02 1.994600067138671875e+02 1.948899993896484375e+02 1.992100067138671875e+02 1.469860000000000000e+07 0.000000000000000000e+00 0.000000000000000000e+00
2.000000000000000000e+02 2.029600067138671875e+02 1.996699981689453125e+02 2.027299957275390625e+02 2.057170000000000000e+07 0.000000000000000000e+00 0.000000000000000000e+00
2.032599945068359375e+02 2.038000030517578125e+02 2.002100067138671875e+02 2.012299957275390625e+02 1.367850000000000000e+07 0.000000000000000000e+00 0.000000000000000000e+00
1.996799926757812500e+02 2.053000030517578125e+02 1.991600036621093750e+02 2.048699951171875000e+02 1.536630000000000000e+07 0.000000000000000000e+00 0.000000000000000000e+00
2.042500000000000000e+02 2.053300018310546875e+02 2.018200073242187500e+02 2.039100036621093750e+02 1.603030000000000000e+07 0.000000000000000000e+00 0.000000000000000000e+00
2.038899993896484375e+02 2.054700012207031250e+02 2.031000061035156250e+02 2.038399963378906250e+02 1.213270000000000000e+07 0.000000000000000000e+00 0.000000000000000000e+00
2.041799926757812500e+02 2.043600006103515625e+02 2.015899963378906250e+02 2.018000030517578125e+02 1.208370000000000000e+07 0.000000000000000000e+00 0.000000000000000000e+00
2.001499938964843750e+02 2.024700012207031250e+02 1.993800048828125000e+02 2.007799987792968750e+02 1.193790000000000000e+07 0.000000000000000000e+00 0.000000000000000000e+00
2.021799926757812500e+02 2.023300018310546875e+02 1.980700073242187500e+02 1.983600006103515625e+02 1.209830000000000000e+07 0.000000000000000000e+00 0.000000000000000000e+00
1.999100036621093750e+02 2.025700073242187500e+02 1.988099975585937500e+02 2.023200073242187500e+02 1.358900000000000000e+07 0.000000000000000000e+00 0.000000000000000000e+00
2.028399963378906250e+02 2.042400054931640625e+02 2.009600067138671875e+02 2.023600006103515625e+02 1.458370000000000000e+07 0.000000000000000000e+00 0.000000000000000000e+00
1.976300048828125000e+02 2.048099975585937500e+02 1.972200012207031250e+02 2.046600036621093750e+02 3.253250000000000000e+07 0.000000000000000000e+00 0.000000000000000000e+00
2.066999969482421875e+02 2.086600036621093750e+02 1.982599945068359375e+02 2.007100067138671875e+02 3.988990000000000000e+07 0.000000000000000000e+00 0.000000000000000000e+00
2.001900024414062500e+02 2.028800048828125000e+02 1.962500000000000000e+02 1.997500000000000000e+02 2.443400000000000000e+07 0.000000000000000000e+00 0.000000000000000000e+00
1.990000000000000000e+02 1.996300048828125000e+02 1.953000030517578125e+02 1.959400024414062500e+02 1.653080000000000000e+07 0.000000000000000000e+00 0.000000000000000000e+00
1.953899993896484375e+02 1.987100067138671875e+02 1.935000000000000000e+02 1.970399932861328125e+02 1.190360000000000000e+07 0.000000000000000000e+00 0.000000000000000000e+00
1.969499969482421875e+02 1.987599945068359375e+02 1.926799926757812500e+02 1.942299957275390625e+02 1.459350000000000000e+07 0.000000000000000000e+00 0.000000000000000000e+00
1.941699981689453125e+02 1.984700012207031250e+02 1.908800048828125000e+02 1.927299957275390625e+02 1.777700000000000000e+07 0.000000000000000000e+00 0.000000000000000000e+00
1.911000061035156250e+02 1.926199951171875000e+02 1.880700073242187500e+02 1.890200042724609375e+02 1.529700000000000000e+07 0.000000000000000000e+00 0.000000000000000000e+00
1.846900024414062500e+02 1.856699981689453125e+02 1.793399963378906250e+02 1.817299957275390625e+02 2.308670000000000000e+07 0.000000000000000000e+00 0.000000000000000000e+00
1.836900024414062500e+02 1.857899932861328125e+02 1.830899963378906250e+02 1.845099945068359375e+02 1.803570000000000000e+07 0.000000000000000000e+00 0.000000000000000000e+00
1.836000061035156250e+02 1.863699951171875000e+02 1.812200012207031250e+02 1.851499938964843750e+02 1.583320000000000000e+07 0.000000000000000000e+00 0.000000000000000000e+00
1.866199951171875000e+02 1.903399963378906250e+02 1.840500030517578125e+02 1.901600036621093750e+02 1.482890000000000000e+07 0.000000000000000000e+00 0.000000000000000000e+00
1.900000000000000000e+02 1.909799957275390625e+02 1.871199951171875000e+02 1.878500061035156250e+02 1.105880000000000000e+07 0.000000000000000000e+00 0.000000000000000000e+00
1.868500061035156250e+02 1.875899963378906250e+02 1.844600067138671875e+02 1.853699951171875000e+02 1.093090000000000000e+07 0.000000000000000000e+00 0.000000000000000000e+00
1.855200042724609375e+02 1.913800048828125000e+02 1.853699951171875000e+02 1.884499969482421875e+02 1.357700000000000000e+07 0.000000000000000000e+00 0.000000000000000000e+00
1.858000030517578125e+02 1.859900054931640625e+02 1.793099975585937500e+02 1.797100067138671875e+02 1.890370000000000000e+07 0.000000000000000000e+00 0.000000000000000000e+00
1.809499969482421875e+02 1.831999969482421875e+02 1.800299987792968750e+02 1.825899963378906250e+02 1.292590000000000000e+07 0.000000000000000000e+00 0.000000000000000000e+00
1.837500000000000000e+02 1.851000061035156250e+02 1.823600006103515625e+02 1.836999969482421875e+02 1.265460000000000000e+07 0.000000000000000000e+00 0.000000000000000000e+00
1.860099945068359375e+02 1.875000000000000000e+02 1.848500061035156250e+02 1.861699981689453125e+02 9.691200000000000000e+06 0.000000000000000000e+00 0.000000000000000000e+00
1.854499969482421875e+02 1.860000000000000000e+02 1.823899993896484375e+02 1.838099975585937500e+02 1.008340000000000000e+07 0.000000000000000000e+00 0.000000000000000000e+00
1.850000000000000000e+02 1.858999938964843750e+02 1.831399993896484375e+02 1.835500030517578125e+02 8.398200000000000000e+06 0.000000000000000000e+00 0.000000000000000000e+00
1.834299926757812500e+02 1.841100006103515625e+02 1.799100036621093750e+02 1.820399932861328125e+02 1.082140000000000000e+07 0.000000000000000000e+00 0.000000000000000000e+00
1.808399963378906250e+02 1.831300048828125000e+02 1.766600036621093750e+02 1.777500000000000000e+02 1.732340000000000000e+07 0.000000000000000000e+00 0.000000000000000000e+00
1.793999938964843750e+02 1.805000000000000000e+02 1.782400054931640625e+02 1.803600006103515625e+02 8.773600000000000000e+06 0.000000000000000000e+00 0.000000000000000000e+00
1.819299926757812500e+02 1.840399932861328125e+02 1.810099945068359375e+02 1.813000030517578125e+02 1.439960000000000000e+07 0.000000000000000000e+00 0.000000000000000000e+00
1.805299987792968750e+02 1.819499969482421875e+02 1.789199981689453125e+02 1.817599945068359375e+02 9.386100000000000000e+06 0.000000000000000000e+00 0.000000000000000000e+00
1.837700042724609375e+02 1.860800018310546875e+02 1.834700012207031250e+02 1.855700073242187500e+02 1.012870000000000000e+07 0.000000000000000000e+00 0.000000000000000000e+00
1.867799987792968750e+02 1.868000030517578125e+02 1.834600067138671875e+02 1.856699981689453125e+02 1.077450000000000000e+07 0.000000000000000000e+00 0.000000000000000000e+00
1.840000000000000000e+02 1.856699981689453125e+02 1.821100006103515625e+02 1.823899993896484375e+02 9.779400000000000000e+06 0.000000000000000000e+00 0.000000000000000000e+00
1.846499938964843750e+02 1.877500000000000000e+02 1.838899993896484375e+02 1.871399993896484375e+02 1.130800000000000000e+07 0.000000000000000000e+00 0.000000000000000000e+00
1.885299987792968750e+02 1.913600006103515625e+02 1.879400024414062500e+02 1.908999938964843750e+02 1.387670000000000000e+07 0.000000000000000000e+00 0.000000000000000000e+00
1.902100067138671875e+02 1.902100067138671875e+02 1.863500061035156250e+02 1.874900054931640625e+02 1.522680000000000000e+07 0.000000000000000000e+00 0.000000000000000000e+00
1.877299957275390625e+02 1.889799957275390625e+02 1.858500061035156250e+02 1.887599945068359375e+02 1.472240000000000000e+07 0.000000000000000000e+00 0.000000000000000000e+00
1.874400024414062500e+02 1.881000061035156250e+02 1.845500030517578125e+02 1.861699981689453125e+02 1.545590000000000000e+07 0.000000000000000000e+00 0.000000000000000000e+00
1.864600067138671875e+02 1.894400024414062500e+02 1.860800018310546875e+02 1.884900054931640625e+02 1.176170000000000000e+07 0.000000000000000000e+00 0.000000000000000000e+00
1.898600006103515625e+02 1.909299926757812500e+02 1.872299957275390625e+02 1.874700012207031250e+02 1.141980000000000000e+07 0.000000000000000000e+00 0.000000000000000000e+00
1.873300018310546875e+02 1.879700012207031250e+02 1.865399932861328125e+02 1.871900024414062500e+02 1.144110000000000000e+07 0.000000000000000000e+00 0.000000000000000000e+00
1.869299926757812500e+02 1.877899932861328125e+02 1.857700042724609375e+02 1.862200012207031250e+02 8.444800000000000000e+06 0.000000000000000000e+00 0.000000000000000000e+00
1.866600036621093750e+02 1.883200073242187500e+02 1.855399932861328125e+02 1.880800018310546875e+02 9.671100000000000000e+06 0.000000000000000000e+00 0.000000000000000000e+00
1.880899963378906250e+02 1.890800018310546875e+02 1.860099945068359375e+02 1.881399993896484375e+02 9.681900000000000000e+06 0.000000000000000000e+00 0.000000000000000000e+00
1.886600036621093750e+02 1.911000061035156250e+02 1.881499938964843750e+02 1.901399993896484375e+02 1.039270000000000000e+07 0.000000000000000000e+00 0.000000000000000000e+00
1.906600036621093750e+02 1.931000061035156250e+02 1.881199951171875000e+02 1.899299926757812500e+02 1.993420000000000000e+07 0.000000000000000000e+00 0.000000000000000000e+00
1.893399963378906250e+02 1.901000061035156250e+02 1.852100067138671875e+02 1.868200073242187500e+02 1.332760000000000000e+07 0.000000000000000000e+00 0.000000000000000000e+00
1.879799957275390625e+02 1.880399932861328125e+02 1.803899993896484375e+02 1.812799987792968750e+02 1.854660000000000000e+07 0.000000000000000000e+00 0.000000000000000000e+00
1.814499969482421875e+02 1.834199981689453125e+02 1.778699951171875000e+02 1.828000030517578125e+02 1.806830000000000000e+07 0.000000000000000000e+00 0.000000000000000000e+00
1.813300018310546875e+02 1.813999938964843750e+02 1.776699981689453125e+02 1.801100006103515625e+02 1.608330000000000000e+07 0.000000000000000000e+00 0.000000000000000000e+00
1.804900054931640625e+02 1.807599945068359375e+02 1.756600036621093750e+02 1.771000061035156250e+02 1.465620000000000000e+07 0.000000000000000000e+00 0.000000000000000000e+00
1.778699951171875000e+02 1.786699981689453125e+02 1.768500061035156250e+02 1.780800018310546875e+02 1.074000000000000000e+07 0.000000000000000000e+00 0.000000000000000000e+00
1.791499938964843750e+02 1.798399963378906250e+02 1.748800048828125000e+02 1.758099975585937500e+02 1.707300000000000000e+07 0.000000000000000000e+00 0.000000000000000000e+00
1.748399963378906250e+02 1.765299987792968750e+02 1.730899963378906250e+02 1.746000061035156250e+02 1.615170000000000000e+07 0.000000000000000000e+00 0.000000000000000000e+00
1.755700073242187500e+02 1.798399963378906250e+02 1.736300048828125000e+02 1.793800048828125000e+02 1.608630000000000000e+07 0.000000000000000000e+00 0.000000000000000000e+00
1.795500030517578125e+02 1.809799957275390625e+02 1.781000061035156250e+02 1.804499969482421875e+02 1.043020000000000000e+07 0.000000000000000000e+00 0.000000000000000000e+00
1.800000000000000000e+02 1.811799926757812500e+02 1.780899963378906250e+02 1.796799926757812500e+02 9.178300000000000000e+06 0.000000000000000000e+00 0.000000000000000000e+00
1.782599945068359375e+02 1.803699951171875000e+02 1.777200012207031250e+02 1.777500000000000000e+02 9.466900000000000000e+06 0.000000000000000000e+00 0.000000000000000000e+00
1.791600036621093750e+02 1.807200012207031250e+02 1.779400024414062500e+02 1.798500061035156250e+02 7.556900000000000000e+06 0.000000000000000000e+00 0.000000000000000000e+00
1.803200073242187500e+02 1.816100006103515625e+02 1.791699981689453125e+02 1.800299987792968750e+02 8.605000000000000000e+06 0.000000000000000000e+00 0.000000000000000000e+00
1.821499938964843750e+02 1.864900054931640625e+02 1.821399993896484375e+02 1.841900024414062500e+02 1.493050000000000000e+07 0.000000000000000000e+00 0.000000000000000000e+00
1.841999969482421875e+02 1.846199951171875000e+02 1.825700073242187500e+02 1.832799987792968750e+02 7.006000000000000000e+06 0.000000000000000000e+00 0.000000000000000000e+00
1.838000030517578125e+02 1.903800048828125000e+02 1.836600036621093750e+02 1.888899993896484375e+02 1.503910000000000000e+07 0.000000000000000000e+00 0.000000000000000000e+00
1.883200073242187500e+02 1.896999969482421875e+02 1.868999938964843750e+02 1.895500030517578125e+02 1.051690000000000000e+07 0.000000000000000000e+00 0.000000000000000000e+00
1.903000030517578125e+02 1.908399963378906250e+02 1.887700042724609375e+02 1.903899993896484375e+02 9.603000000000000000e+06 0.000000000000000000e+00 0.000000000000000000e+00
1.902299957275390625e+02 1.914900054931640625e+02 1.839199981689453125e+02 1.858500061035156250e+02 1.687420000000000000e+07 0.000000000000000000e+00 0.000000000000000000e+00
1.870399932861328125e+02 1.899100036621093750e+02 1.867500000000000000e+02 1.897599945068359375e+02 8.122600000000000000e+06 0.000000000000000000e+00 0.000000000000000000e+00
1.900000000000000000e+02 1.906499938964843750e+02 1.815000000000000000e+02 1.823399963378906250e+02 1.953760000000000000e+07 0.000000000000000000e+00 0.000000000000000000e+00
1.820099945068359375e+02 1.863800048828125000e+02 1.820000000000000000e+02 1.861499938964843750e+02 1.230040000000000000e+07 0.000000000000000000e+00 0.000000000000000000e+00
1.846199951171875000e+02 1.867299957275390625e+02 1.828000030517578125e+02 1.863800048828125000e+02 1.141350000000000000e+07 0.000000000000000000e+00 0.000000000000000000e+00
1.858300018310546875e+02 1.890000000000000000e+02 1.850899963378906250e+02 1.878899993896484375e+02 8.061200000000000000e+06 0.000000000000000000e+00 0.000000000000000000e+00
1.871999969482421875e+02 1.895299987792968750e+02 1.850800018310546875e+02 1.893999938964843750e+02 1.365790000000000000e+07 0.000000000000000000e+00 0.000000000000000000e+00
1.916900024414062500e+02 1.925299987792968750e+02 1.884700012207031250e+02 1.893099975585937500e+02 1.357490000000000000e+07 0.000000000000000000e+00 0.000000000000000000e+00
1.895599975585937500e+02 1.904499969482421875e+02 1.859799957275390625e+02 1.882500000000000000e+02 2.873460000000000000e+07 0.000000000000000000e+00 0.000000000000000000e+00
1.966999969482421875e+02 1.980899963378906250e+02 1.882500000000000000e+02 1.916499938964843750e+02 4.228650000000000000e+07 0.000000000000000000e+00 0.000000000000000000e+00
1.928500061035156250e+02 1.941100006103515625e+02 1.899100036621093750e+02 1.936199951171875000e+02 2.171180000000000000e+07 0.000000000000000000e+00 0.000000000000000000e+00
1.945500030517578125e+02 1.973699951171875000e+02 1.938099975585937500e+02 1.947200012207031250e+02 1.637130000000000000e+07 0.000000000000000000e+00 0.000000000000000000e+00
1.953699951171875000e+02 1.957500000000000000e+02 1.936000061035156250e+02 1.943200073242187500e+02 9.942000000000000000e+06 0.000000000000000000e+00 0.000000000000000000e+00
1.940299987792968750e+02 1.943699951171875000e+02 1.913500061035156250e+02 1.915500030517578125e+02 1.097300000000000000e+07 0.000000000000000000e+00 0.000000000000000000e+00
1.919100036621093750e+02 1.934400024414062500e+02 1.894700012207031250e+02 1.904199981689453125e+02 1.347300000000000000e+07 0.000000000000000000e+00 0.000000000000000000e+00
1.900000000000000000e+02 1.923399963378906250e+02 1.896999969482421875e+02 1.908399963378906250e+02 1.076080000000000000e+07 0.000000000000000000e+00 0.000000000000000000e+00
1.899299926757812500e+02 1.900800018310546875e+02 1.885399932861328125e+02 1.896100006103515625e+02 8.631200000000000000e+06 0.000000000000000000e+00 0.000000000000000000e+00
1.900000000000000000e+02 1.950599975585937500e+02 1.897400054931640625e+02 1.944700012207031250e+02 1.761550000000000000e+07 0.000000000000000000e+00 0.000000000000000000e+00
1.946999969482421875e+02 1.956999969482421875e+02 1.927400054931640625e+02 1.931900024414062500e+02 1.086070000000000000e+07 0.000000000000000000e+00 0.000000000000000000e+00
1.929299926757812500e+02 1.940299987792968750e+02 1.914499969482421875e+02 1.931499938964843750e+02 9.040500000000000000e+06 0.000000000000000000e+00 0.000000000000000000e+00
1.942599945068359375e+02 1.953000030517578125e+02 1.933800048828125000e+02 1.951000061035156250e+02 1.152430000000000000e+07 0.000000000000000000e+00 0.000000000000000000e+00
1.945599975585937500e+02 1.986300048828125000e+02 1.930500030517578125e+02 1.973999938964843750e+02 1.616720000000000000e+07 0.000000000000000000e+00 0.000000000000000000e+00
1.973999938964843750e+02 2.000000000000000000e+02 1.968600006103515625e+02 1.993200073242187500e+02 1.905680000000000000e+07 0.000000000000000000e+00 0.000000000000000000e+00
1.985800018310546875e+02 1.995899963378906250e+02 1.954299926757812500e+02 1.975099945068359375e+02 1.235540000000000000e+07 0.000000000000000000e+00 0.000000000000000000e+00
1.974199981689453125e+02 1.990899963378906250e+02 1.968600006103515625e+02 1.979299926757812500e+02 1.213100000000000000e+07 0.000000000000000000e+00 0.000000000000000000e+00
1.983800048828125000e+02 1.993000030517578125e+02 1.976199951171875000e+02 1.988200073242187500e+02 9.959800000000000000e+06 0.000000000000000000e+00 0.000000000000000000e+00
1.995200042724609375e+02 2.009700012207031250e+02 1.992500000000000000e+02 1.997899932861328125e+02 1.527230000000000000e+07 0.000000000000000000e+00 0.000000000000000000e+00
2.000000000000000000e+02 2.001499938964843750e+02 1.980399932861328125e+02 1.989700012207031250e+02 1.173550000000000000e+07 0.000000000000000000e+00 0.000000000000000000e+00
1.998999938964843750e+02 2.031399993896484375e+02 1.994199981689453125e+02 2.020000000000000000e+02 1.273660000000000000e+07 0.000000000000000000e+00 0.000000000000000000e+00
2.016000061035156250e+02 2.038000030517578125e+02 2.012100067138671875e+02 2.016399993896484375e+02 7.985200000000000000e+06 0.000000000000000000e+00 0.000000000000000000e+00
2.021300048828125000e+02 2.021799926757812500e+02 1.980500030517578125e+02 1.996999969482421875e+02 1.150340000000000000e+07 0.000000000000000000e+00 0.000000000000000000e+00
1.976000061035156250e+02 1.989299926757812500e+02 1.950800018310546875e+02 1.988200073242187500e+02 1.159530000000000000e+07 0.000000000000000000e+00 0.000000000000000000e+00
2.000000000000000000e+02 2.000299987792968750e+02 1.980500030517578125e+02 1.987100067138671875e+02 8.456300000000000000e+06 0.000000000000000000e+00 0.000000000000000000e+00
1.998600006103515625e+02 2.012899932861328125e+02 1.982100067138671875e+02 1.993600006103515625e+02 9.740400000000000000e+06 0.000000000000000000e+00 0.000000000000000000e+00
2.005000000000000000e+02 2.015700073242187500e+02 2.000599975585937500e+02 2.010500030517578125e+02 1.227060000000000000e+07 0.000000000000000000e+00 0.000000000000000000e+00
2.006499938964843750e+02 2.031399993896484375e+02 2.002100067138671875e+02 2.013399963378906250e+02 1.195480000000000000e+07 0.000000000000000000e+00 0.000000000000000000e+00
2.016600036621093750e+02 2.020500030517578125e+02 2.001499938964843750e+02 2.008699951171875000e+02 9.475700000000000000e+06 0.000000000000000000e+00 0.000000000000000000e+00
2.002799987792968750e+02 2.026300048828125000e+02 2.002799987792968750e+02 2.022599945068359375e+02 8.036800000000000000e+06 0.000000000000000000e+00 0.000000000000000000e+00
2.023500061035156250e+02 2.036600036621093750e+02 1.941000061035156250e+02 1.967500000000000000e+02 2.373480000000000000e+07 0.000000000000000000e+00 0.000000000000000000e+00
1.963999938964843750e+02 1.968000030517578125e+02 1.931699981689453125e+02 1.941100006103515625e+02 1.879800000000000000e+07 0.000000000000000000e+00 0.000000000000000000e+00
1.952700042724609375e+02 1.991199951171875000e+02 1.948099975585937500e+02 1.979199981689453125e+02 1.491150000000000000e+07 0.000000000000000000e+00 0.000000000000000000e+00
1.988399963378906250e+02 1.990000000000000000e+02 1.961300048828125000e+02 1.983899993896484375e+02 1.017570000000000000e+07 0.000000000000000000e+00 0.000000000000000000e+00
2.000899963378906250e+02 2.043000030517578125e+02 2.000899963378906250e+02 2.025000000000000000e+02 2.327440000000000000e+07 0.000000000000000000e+00 0.000000000000000000e+00
2.027799987792968750e+02 2.063000030517578125e+02 2.025099945068359375e+02 2.060599975585937500e+02 1.651460000000000000e+07 0.000000000000000000e+00 0.000000000000000000e+00
2.074799957275390625e+02 2.077100067138671875e+02 2.034299926757812500e+02 2.063000030517578125e+02 2.730690000000000000e+07 0.000000000000000000e+00 0.000000000000000000e+00
2.066999969482421875e+02 2.085899963378906250e+02 2.056799926757812500e+02 2.061799926757812500e+02 1.334890000000000000e+07 0.000000000000000000e+00 0.000000000000000000e+00
2.063000030517578125e+02 2.067899932861328125e+02 2.050000000000000000e+02 2.051199951171875000e+02 6.046300000000000000e+06 0.000000000000000000e+00 0.000000000000000000e+00
2.055700073242187500e+02 2.078200073242187500e+02 2.053099975585937500e+02 2.077899932861328125e+02 9.350700000000000000e+06 0.000000000000000000e+00 0.000000000000000000e+00
2.086699981689453125e+02 2.089299926757812500e+02 2.065899963378906250e+02 2.081000061035156250e+02 1.028420000000000000e+07 0.000000000000000000e+00 0.000000000000000000e+00
2.078600006103515625e+02 2.078999938964843750e+02 2.038999938964843750e+02 2.044100036621093750e+02 1.052430000000000000e+07 0.000000000000000000e+00 0.000000000000000000e+00
2.040000000000000000e+02 2.055599975585937500e+02 2.036000061035156250e+02 2.052500000000000000e+02 8.953500000000000000e+06 0.000000000000000000e+00 0.000000000000000000e+00
2.067500000000000000e+02 2.097899932861328125e+02 2.062700042724609375e+02 2.097799987792968750e+02 1.207710000000000000e+07 0.000000000000000000e+00 0.000000000000000000e+00
2.072100067138671875e+02 2.103999938964843750e+02 2.069499969482421875e+02 2.086699981689453125e+02 1.118840000000000000e+07 0.000000000000000000e+00 0.000000000000000000e+00
2.066999969482421875e+02 2.127799987792968750e+02 2.065200042724609375e+02 2.126000061035156250e+02 1.705890000000000000e+07 0.000000000000000000e+00 0.000000000000000000e+00
2.128200073242187500e+02 2.145800018310546875e+02 2.117500000000000000e+02 2.130599975585937500e+02 1.491240000000000000e+07 0.000000000000000000e+00 0.000000000000000000e+00
2.130000000000000000e+02 2.162400054931640625e+02 2.126100006103515625e+02 2.152200012207031250e+02 1.347500000000000000e+07 0.000000000000000000e+00 0.000000000000000000e+00
2.175399932861328125e+02 2.183800048828125000e+02 2.162799987792968750e+02 2.183000030517578125e+02 1.264280000000000000e+07 0.000000000000000000e+00 0.000000000000000000e+00
2.191999969482421875e+02 2.198800048828125000e+02 2.174199981689453125e+02 2.180599975585937500e+02 1.211940000000000000e+07 0.000000000000000000e+00 0.000000000000000000e+00
2.196000061035156250e+02 2.219700012207031250e+02 2.192100067138671875e+02 2.219100036621093750e+02 1.446340000000000000e+07 0.000000000000000000e+00 0.000000000000000000e+00
2.216100006103515625e+02 2.223800048828125000e+02 2.186300048828125000e+02 2.190599975585937500e+02 1.328890000000000000e+07 0.000000000000000000e+00 0.000000000000000000e+00
2.206100006103515625e+02 2.216799926757812500e+02 2.201399993896484375e+02 2.211499938964843750e+02 1.003650000000000000e+07 0.000000000000000000e+00 0.000000000000000000e+00
2.225700073242187500e+02 2.226300048828125000e+02 2.203899993896484375e+02 2.217700042724609375e+02 1.001530000000000000e+07 0.000000000000000000e+00 0.000000000000000000e+00
2.220299987792968750e+02 2.222899932861328125e+02 2.205299987792968750e+02 2.221399993896484375e+02 1.590590000000000000e+07 0.000000000000000000e+00 0.000000000000000000e+00
2.221600036621093750e+02 2.223699951171875000e+02 2.191199951171875000e+02 2.214400024414062500e+02 1.427580000000000000e+07 0.000000000000000000e+00 0.000000000000000000e+00
2.223099975585937500e+02 2.227500000000000000e+02 2.212799987792968750e+02 2.213200073242187500e+02 1.221280000000000000e+07 0.000000000000000000e+00 0.000000000000000000e+00
2.207500000000000000e+02 2.214900054931640625e+02 2.192700042724609375e+02 2.197599945068359375e+02 1.119500000000000000e+07 0.000000000000000000e+00 0.000000000000000000e+00
2.208000030517578125e+02 2.217799987792968750e+02 2.161100006103515625e+02 2.179400024414062500e+02 1.190580000000000000e+07 0.000000000000000000e+00 0.000000000000000000e+00
2.131000061035156250e+02 2.160599975585937500e+02 2.125000000000000000e+02 2.148699951171875000e+02 1.381070000000000000e+07 0.000000000000000000e+00 0.000000000000000000e+00
2.161399993896484375e+02 2.187400054931640625e+02 2.135200042724609375e+02 2.177899932861328125e+02 1.341380000000000000e+07 0.000000000000000000e+00 0.000000000000000000e+00
2.214400024414062500e+02 2.241999969482421875e+02 2.184499969482421875e+02 2.232299957275390625e+02 3.318130000000000000e+07 0.000000000000000000e+00 0.000000000000000000e+00
2.065299987792968750e+02 2.114299926757812500e+02 2.047500000000000000e+02 2.095299987792968750e+02 4.877550000000000000e+07 0.000000000000000000e+00 0.000000000000000000e+00
2.084299926757812500e+02 2.086900024414062500e+02 2.010599975585937500e+02 2.019100036621093750e+02 3.135990000000000000e+07 0.000000000000000000e+00 0.000000000000000000e+00
2.034400024414062500e+02 2.051399993896484375e+02 2.025000000000000000e+02 2.041900024414062500e+02 1.549560000000000000e+07 0.000000000000000000e+00 0.000000000000000000e+00
2.066199951171875000e+02 2.106000061035156250e+02 2.051999969482421875e+02 2.098300018310546875e+02 1.962890000000000000e+07 0.000000000000000000e+00 0.000000000000000000e+00
2.125099945068359375e+02 2.127299957275390625e+02 2.087100067138671875e+02 2.101100006103515625e+02 1.253820000000000000e+07 0.000000000000000000e+00 0.000000000000000000e+00
2.104700012207031250e+02 2.111900024414062500e+02 2.093399963378906250e+02 2.108500061035156250e+02 1.056750000000000000e+07 0.000000000000000000e+00 0.000000000000000000e+00
2.103000030517578125e+02 2.128200073242187500e+02 2.099299926757812500e+02 2.123300018310546875e+02 1.224250000000000000e+07 0.000000000000000000e+00 0.000000000000000000e+00
2.115200042724609375e+02 2.138000030517578125e+02 2.106600036621093750e+02 2.130599975585937500e+02 1.185640000000000000e+07 0.000000000000000000e+00 0.000000000000000000e+00
2.101900024414062500e+02 2.108600006103515625e+02 2.065099945068359375e+02 2.071900024414062500e+02 2.503080000000000000e+07 0.000000000000000000e+00 0.000000000000000000e+00
2.078500061035156250e+02 2.112200012207031250e+02 2.073999938964843750e+02 2.107599945068359375e+02 1.381370000000000000e+07 0.000000000000000000e+00 0.000000000000000000e+00
2.095200042724609375e+02 2.143300018310546875e+02 2.091799926757812500e+02 2.131399993896484375e+02 1.539660000000000000e+07 0.000000000000000000e+00 0.000000000000000000e+00
2.140000000000000000e+02 2.149299926757812500e+02 2.126499938964843750e+02 2.141799926757812500e+02 1.074170000000000000e+07 0.000000000000000000e+00 0.000000000000000000e+00
2.135500030517578125e+02 2.179799957275390625e+02 2.133999938964843750e+02 2.178000030517578125e+02 1.560920000000000000e+07 0.000000000000000000e+00 0.000000000000000000e+00
2.179900054931640625e+02 2.183200073242187500e+02 2.161100006103515625e+02 2.174900054931640625e+02 1.213510000000000000e+07 0.000000000000000000e+00 0.000000000000000000e+00
2.165200042724609375e+02 2.187700042724609375e+02 2.129499969482421875e+02 2.145800018310546875e+02 1.310920000000000000e+07 0.000000000000000000e+00 0.000000000000000000e+00
2.134799957275390625e+02 2.142400054931640625e+02 2.088300018310546875e+02 2.101799926757812500e+02 1.409230000000000000e+07 0.000000000000000000e+00 0.000000000000000000e+00
2.018000030517578125e+02 2.036499938964843750e+02 1.981699981689453125e+02 2.007200012207031250e+02 2.308010000000000000e+07 0.000000000000000000e+00 0.000000000000000000e+00
2.022500000000000000e+02 2.035000000000000000e+02 1.959499969482421875e+02 1.967700042724609375e+02 2.143350000000000000e+07 0.000000000000000000e+00 0.000000000000000000e+00
1.971900024414062500e+02 2.012100067138671875e+02 1.954900054931640625e+02 1.971999969482421875e+02 1.652450000000000000e+07 0.000000000000000000e+00 0.000000000000000000e+00
1.918200073242187500e+02 1.958800048828125000e+02 1.895000000000000000e+02 1.897500000000000000e+02 2.168260000000000000e+07 0.000000000000000000e+00 0.000000000000000000e+00
1.826999969482421875e+02 1.927400054931640625e+02 1.818200073242187500e+02 1.924700012207031250e+02 3.256890000000000000e+07 0.000000000000000000e+00 0.000000000000000000e+00
1.940299987792968750e+02 1.965700073242187500e+02 1.888500061035156250e+02 1.964400024414062500e+02 2.494900000000000000e+07 0.000000000000000000e+00 0.000000000000000000e+00
1.962200012207031250e+02 1.972400054931640625e+02 1.839700012207031250e+02 1.858899993896484375e+02 2.798410000000000000e+07 0.000000000000000000e+00 0.000000000000000000e+00
1.891699981689453125e+02 1.918300018310546875e+02 1.863899993896484375e+02 1.917599945068359375e+02 2.306250000000000000e+07 0.000000000000000000e+00 0.000000000000000000e+00
1.867799987792968750e+02 1.889900054931640625e+02 1.838899993896484375e+02 1.851699981689453125e+02 1.933340000000000000e+07 0.000000000000000000e+00 0.000000000000000000e+00
1.783300018310546875e+02 1.837799987792968750e+02 1.762599945068359375e+02 1.810899963378906250e+02 2.455960000000000000e+07 0.000000000000000000e+00 0.000000000000000000e+00
1.696000061035156250e+02 1.750000000000000000e+02 1.651900024414062500e+02 1.695000000000000000e+02 2.994900000000000000e+07 0.000000000000000000e+00 0.000000000000000000e+00
1.746699981689453125e+02 1.782899932861328125e+02 1.695000000000000000e+02 1.781900024414062500e+02 2.451780000000000000e+07 0.000000000000000000e+00 0.000000000000000000e+00
1.740099945068359375e+02 1.758800048828125000e+02 1.676600036621093750e+02 1.702400054931640625e+02 2.037390000000000000e+07 0.000000000000000000e+00 0.000000000000000000e+00
1.595399932861328125e+02 1.666000061035156250e+02 1.543399963378906250e+02 1.544700012207031250e+02 4.326630000000000000e+07 0.000000000000000000e+00 0.000000000000000000e+00
1.635299987792968750e+02 1.707899932861328125e+02 1.576000061035156250e+02 1.702799987792968750e+02 3.502860000000000000e+07 0.000000000000000000e+00 0.000000000000000000e+00
1.523200073242187500e+02 1.591300048828125000e+02 1.431000061035156250e+02 1.460099945068359375e+02 3.912040000000000000e+07 0.000000000000000000e+00 0.000000000000000000e+00
1.507400054931640625e+02 1.539400024414062500e+02 1.400000000000000000e+02 1.494199981689453125e+02 3.425560000000000000e+07 0.000000000000000000e+00 0.000000000000000000e+00
1.397500000000000000e+02 1.481799926757812500e+02 1.371000061035156250e+02 1.469600067138671875e+02 3.755310000000000000e+07 0.000000000000000000e+00 0.000000000000000000e+00
1.466199951171875000e+02 1.599299926757812500e+02 1.448000030517578125e+02 1.531300048828125000e+02 3.986230000000000000e+07 0.000000000000000000e+00 0.000000000000000000e+00
1.560200042724609375e+02 1.592700042724609375e+02 1.480000000000000000e+02 1.497299957275390625e+02 3.256840000000000000e+07 0.000000000000000000e+00 0.000000000000000000e+00
1.496600036621093750e+02 1.523099975585937500e+02 1.422500000000000000e+02 1.481000061035156250e+02 2.983080000000000000e+07 0.000000000000000000e+00 0.000000000000000000e+00
1.552100067138671875e+02 1.613099975585937500e+02 1.525700073242187500e+02 1.609799957275390625e+02 3.044040000000000000e+07 0.000000000000000000e+00 0.000000000000000000e+00
1.589199981689453125e+02 1.629900054931640625e+02 1.530599975585937500e+02 1.562100067138671875e+02 3.518430000000000000e+07 0.000000000000000000e+00 0.000000000000000000e+00
1.582500000000000000e+02 1.640000000000000000e+02 1.570200042724609375e+02 1.633399963378906250e+02 2.655680000000000000e+07 0.000000000000000000e+00 0.000000000000000000e+00
1.581999969482421875e+02 1.600899963378906250e+02 1.547500000000000000e+02 1.567899932861328125e+02 2.487990000000000000e+07 0.000000000000000000e+00 0.000000000000000000e+00
1.591799926757812500e+02 1.667500000000000000e+02 1.580599975585937500e+02 1.659499969482421875e+02 2.251520000000000000e+07 0.000000000000000000e+00 0.000000000000000000e+00
1.654799957275390625e+02 1.709299926757812500e+02 1.641999969482421875e+02 1.668000030517578125e+02 2.367630000000000000e+07 0.000000000000000000e+00 0.000000000000000000e+00
1.616199951171875000e+02 1.641499938964843750e+02 1.580399932861328125e+02 1.596000061035156250e+02 1.950760000000000000e+07 0.000000000000000000e+00 0.000000000000000000e+00
1.591000061035156250e+02 1.613500061035156250e+02 1.559199981689453125e+02 1.581900024414062500e+02 2.088630000000000000e+07 0.000000000000000000e+00 0.000000000000000000e+00
1.571499938964843750e+02 1.579100036621093750e+02 1.508300018310546875e+02 1.541799926757812500e+02 2.598330000000000000e+07 0.000000000000000000e+00 0.000000000000000000e+00
1.601499938964843750e+02 1.661999969482421875e+02 1.585099945068359375e+02 1.655500030517578125e+02 2.845360000000000000e+07 0.000000000000000000e+00 0.000000000000000000e+00
1.717899932861328125e+02 1.733899993896484375e+02 1.660099945068359375e+02 1.688300018310546875e+02 3.141190000000000000e+07 0.000000000000000000e+00 0.000000000000000000e+00
1.712500000000000000e+02 1.750000000000000000e+02 1.677400054931640625e+02 1.742799987792968750e+02 2.166420000000000000e+07 0.000000000000000000e+00 0.000000000000000000e+00
1.758999938964843750e+02 1.770800018310546875e+02 1.715700073242187500e+02 1.751900024414062500e+02 2.353430000000000000e+07 0.000000000000000000e+00 0.000000000000000000e+00
1.736699981689453125e+02 1.750000000000000000e+02 1.694499969482421875e+02 1.747899932861328125e+02 1.935540000000000000e+07 0.000000000000000000e+00 0.000000000000000000e+00
1.789799957275390625e+02 1.812299957275390625e+02 1.766199951171875000e+02 1.781699981689453125e+02 2.101180000000000000e+07 0.000000000000000000e+00 0.000000000000000000e+00
1.751900024414062500e+02 1.781900024414062500e+02 1.728200073242187500e+02 1.769700012207031250e+02 1.742300000000000000e+07 0.000000000000000000e+00 0.000000000000000000e+00
1.779499969482421875e+02 1.780500030517578125e+02 1.725099945068359375e+02 1.762500000000000000e+02 2.359320000000000000e+07 0.000000000000000000e+00 0.000000000000000000e+00
1.791999969482421875e+02 1.802799987792968750e+02 1.766600036621093750e+02 1.792400054931640625e+02 2.097480000000000000e+07 0.000000000000000000e+00 0.000000000000000000e+00
1.774100036621093750e+02 1.805000000000000000e+02 1.767700042724609375e+02 1.782400054931640625e+02 1.611070000000000000e+07 0.000000000000000000e+00 0.000000000000000000e+00
1.752500000000000000e+02 1.753800048828125000e+02 1.683399963378906250e+02 1.708000030517578125e+02 2.485050000000000000e+07 0.000000000000000000e+00 0.000000000000000000e+00
1.784499969482421875e+02 1.847799987792968750e+02 1.781399993896484375e+02 1.822799987792968750e+02 3.324200000000000000e+07 0.000000000000000000e+00 0.000000000000000000e+00
1.840800018310546875e+02 1.870500030517578125e+02 1.831499938964843750e+02 1.851300048828125000e+02 2.142660000000000000e+07 0.000000000000000000e+00 0.000000000000000000e+00
1.832299957275390625e+02 1.904100036621093750e+02 1.808300018310546875e+02 1.900700073242187500e+02 2.879200000000000000e+07 0.000000000000000000e+00 0.000000000000000000e+00
1.926600036621093750e+02 1.937500000000000000e+02 1.874100036621093750e+02 1.875000000000000000e+02 2.919780000000000000e+07 0.000000000000000000e+00 0.000000000000000000e+00
1.886600036621093750e+02 1.891999969482421875e+02 1.825599975585937500e+02 1.829100036621093750e+02 2.173100000000000000e+07 0.000000000000000000e+00 0.000000000000000000e+00
1.909299926757812500e+02 1.969100036621093750e+02 1.900000000000000000e+02 1.941900024414062500e+02 4.595450000000000000e+07 0.000000000000000000e+00 0.000000000000000000e+00
2.069199981689453125e+02 2.096900024414062500e+02 2.015700073242187500e+02 2.047100067138671875e+02 4.623010000000000000e+07 0.000000000000000000e+00 0.000000000000000000e+00
2.016000061035156250e+02 2.072799987792968750e+02 1.990500030517578125e+02 2.022700042724609375e+02 3.041560000000000000e+07 0.000000000000000000e+00 0.000000000000000000e+00
2.001999969482421875e+02 2.059100036621093750e+02 1.987599945068359375e+02 2.052599945068359375e+02 1.925070000000000000e+07 0.000000000000000000e+00 0.000000000000000000e+00
2.070200042724609375e+02 2.103800048828125000e+02 2.065000000000000000e+02 2.070700073242187500e+02 2.107120000000000000e+07 0.000000000000000000e+00 0.000000000000000000e+00
2.081199951171875000e+02 2.116000061035156250e+02 2.066600036621093750e+02 2.084700012207031250e+02 2.185700000000000000e+07 0.000000000000000000e+00 0.000000000000000000e+00
2.111600036621093750e+02 2.116000061035156250e+02 2.090399932861328125e+02 2.112599945068359375e+02 1.515200000000000000e+07 0.000000000000000000e+00 0.000000000000000000e+00
2.122400054931640625e+02 2.132100067138671875e+02 2.108500061035156250e+02 2.123500061035156250e+02 1.250600000000000000e+07 0.000000000000000000e+00 0.000000000000000000e+00
2.108899993896484375e+02 2.150000000000000000e+02 2.103699951171875000e+02 2.131799926757812500e+02 1.291190000000000000e+07 0.000000000000000000e+00 0.000000000000000000e+00
2.132899932861328125e+02 2.152799987792968750e+02 2.100000000000000000e+02 2.101000061035156250e+02 1.470460000000000000e+07 0.000000000000000000e+00 0.000000000000000000e+00
2.094299926757812500e+02 2.107799987792968750e+02 2.021100006103515625e+02 2.051000061035156250e+02 2.068460000000000000e+07 0.000000000000000000e+00 0.000000000000000000e+00
2.025599975585937500e+02 2.069299926757812500e+02 2.006900024414062500e+02 2.068099975585937500e+02 1.717890000000000000e+07 0.000000000000000000e+00 0.000000000000000000e+00
2.052700042724609375e+02 2.113399963378906250e+02 2.041199951171875000e+02 2.108800048828125000e+02 1.938320000000000000e+07 0.000000000000000000e+00 0.000000000000000000e+00
2.121499938964843750e+02 2.146399993896484375e+02 2.109400024414062500e+02 2.131900024414062500e+02 2.015190000000000000e+07 0.000000000000000000e+00 0.000000000000000000e+00
2.132700042724609375e+02 2.204900054931640625e+02 2.128300018310546875e+02 2.168800048828125000e+02 3.184320000000000000e+07 0.000000000000000000e+00 0.000000000000000000e+00
2.235000000000000000e+02 2.313399963378906250e+02 2.231900024414062500e+02 2.299700012207031250e+02 5.016290000000000000e+07 0.000000000000000000e+00 0.000000000000000000e+00
2.347200012207031250e+02 2.371999969482421875e+02 2.311999969482421875e+02 2.313899993896484375e+02 4.778260000000000000e+07 0.000000000000000000e+00 0.000000000000000000e+00
2.315099945068359375e+02 2.359900054931640625e+02 2.287400054931640625e+02 2.349100036621093750e+02 3.392560000000000000e+07 0.000000000000000000e+00 0.000000000000000000e+00
2.397700042724609375e+02 2.408999938964843750e+02 2.316699981689453125e+02 2.321999969482421875e+02 3.317830000000000000e+07 0.000000000000000000e+00 0.000000000000000000e+00
2.290700073242187500e+02 2.305599975585937500e+02 2.211300048828125000e+02 2.291399993896484375e+02 3.469760000000000000e+07 0.000000000000000000e+00 0.000000000000000000e+00
2.243000030517578125e+02 2.316300048828125000e+02 2.240000000000000000e+02 2.254600067138671875e+02 2.937720000000000000e+07 0.000000000000000000e+00 0.000000000000000000e+00
2.251999969482421875e+02 2.274900054931640625e+02 2.228800048828125000e+02 2.250899963378906250e+02 2.324150000000000000e+07 0.000000000000000000e+00 0.000000000000000000e+00
2.245899963378906250e+02 2.324400024414062500e+02 2.235000000000000000e+02 2.319100036621093750e+02 1.822380000000000000e+07 0.000000000000000000e+00 0.000000000000000000e+00
2.309400024414062500e+02 2.330000000000000000e+02 2.265599975585937500e+02 2.327200012207031250e+02 2.091900000000000000e+07 0.000000000000000000e+00 0.000000000000000000e+00
2.321100006103515625e+02 2.326499938964843750e+02 2.285299987792968750e+02 2.301600036621093750e+02 1.538030000000000000e+07 0.000000000000000000e+00 0.000000000000000000e+00
2.295599975585937500e+02 2.316300048828125000e+02 2.246100006103515625e+02 2.262899932861328125e+02 1.704150000000000000e+07 0.000000000000000000e+00 0.000000000000000000e+00
2.267100067138671875e+02 2.313500061035156250e+02 2.253099975585937500e+02 2.307700042724609375e+02 1.675040000000000000e+07 0.000000000000000000e+00 0.000000000000000000e+00
2.290299987792968750e+02 2.315500030517578125e+02 2.274100036621093750e+02 2.313999938964843750e+02 1.546650000000000000e+07 0.000000000000000000e+00 0.000000000000000000e+00
2.315200042724609375e+02 2.397700042724609375e+02 2.304100036621093750e+02 2.386699981689453125e+02 2.746290000000000000e+07 0.000000000000000000e+00 0.000000000000000000e+00
2.409600067138671875e+02 2.412100067138671875e+02 2.352799987792968750e+02 2.367299957275390625e+02 2.072070000000000000e+07 0.000000000000000000e+00 0.000000000000000000e+00
2.299400024414062500e+02 2.328899993896484375e+02 2.235500030517578125e+02 2.244299926757812500e+02 2.670820000000000000e+07 0.000000000000000000e+00 0.000000000000000000e+00
2.298999938964843750e+02 2.316600036621093750e+02 2.245000000000000000e+02 2.285800018310546875e+02 2.209140000000000000e+07 0.000000000000000000e+00 0.000000000000000000e+00
2.250899963378906250e+02 2.337700042724609375e+02 2.248000030517578125e+02 2.325000000000000000e+02 1.534030000000000000e+07 0.000000000000000000e+00 0.000000000000000000e+00
2.371399993896484375e+02 2.384600067138671875e+02 2.330000000000000000e+02 2.356499938964843750e+02 1.523670000000000000e+07 0.000000000000000000e+00 0.000000000000000000e+00
2.350000000000000000e+02 2.375899963378906250e+02 2.317299957275390625e+02 2.355299987792968750e+02 1.957810000000000000e+07 0.000000000000000000e+00 0.000000000000000000e+00
2.349900054931640625e+02 2.361399993896484375e+02 2.321499938964843750e+02 2.359400024414062500e+02 1.578250000000000000e+07 0.000000000000000000e+00 0.000000000000000000e+00
2.377899932861328125e+02 2.408300018310546875e+02 2.355500030517578125e+02 2.387899932861328125e+02 3.008130000000000000e+07 0.000000000000000000e+00 0.000000000000000000e+00
2.385599975585937500e+02 2.406999969482421875e+02 2.369100036621093750e+02 2.392200012207031250e+02 1.891780000000000000e+07 0.000000000000000000e+00 0.000000000000000000e+00
2.412799987792968750e+02 2.451900024414062500e+02 2.398600006103515625e+02 2.422400054931640625e+02 2.401790000000000000e+07 0.000000000000000000e+00 0.000000000000000000e+00
2.411999969482421875e+02 2.432200012207031250e+02 2.326799926757812500e+02 2.340200042724609375e+02 2.083490000000000000e+07 0.000000000000000000e+00 0.000000000000000000e+00
2.346199951171875000e+02 2.373000030517578125e+02 2.327400054931640625e+02 2.356799926757812500e+02 1.870430000000000000e+07 0.000000000000000000e+00 0.000000000000000000e+00
2.326399993896484375e+02 2.330899963378906250e+02 2.153999938964843750e+02 2.160800018310546875e+02 7.634390000000000000e+07 0.000000000000000000e+00 0.000000000000000000e+00
2.097500000000000000e+02 2.207500000000000000e+02 2.071100006103515625e+02 2.206399993896484375e+02 5.851430000000000000e+07 0.000000000000000000e+00 0.000000000000000000e+00
2.205899963378906250e+02 2.275000000000000000e+02 2.184700012207031250e+02 2.270700073242187500e+02 3.392710000000000000e+07 0.000000000000000000e+00 0.000000000000000000e+00
2.285000000000000000e+02 2.390000000000000000e+02 2.275599975585937500e+02 2.375500030517578125e+02 4.339970000000000000e+07 0.000000000000000000e+00 0.000000000000000000e+00
2.390000000000000000e+02 2.400000000000000000e+02 2.326100006103515625e+02 2.334199981689453125e+02 3.063360000000000000e+07 0.000000000000000000e+00 0.000000000000000000e+00
2.337599945068359375e+02 2.403999938964843750e+02 2.322700042724609375e+02 2.402799987792968750e+02 2.620620000000000000e+07 0.000000000000000000e+00 0.000000000000000000e+00
2.394100036621093750e+02 2.476499938964843750e+02 2.388200073242187500e+02 2.408600006103515625e+02 2.788780000000000000e+07 0.000000000000000000e+00 0.000000000000000000e+00
2.381100006103515625e+02 2.469900054931640625e+02 2.365899963378906250e+02 2.435800018310546875e+02 2.979130000000000000e+07 0.000000000000000000e+00 0.000000000000000000e+00
2.450000000000000000e+02 2.465299987792968750e+02 2.392400054931640625e+02 2.445000000000000000e+02 2.217490000000000000e+07 0.000000000000000000e+00 0.000000000000000000e+00
2.436900024414062500e+02 2.454900054931640625e+02 2.393200073242187500e+02 2.450700073242187500e+02 2.298270000000000000e+07 0.000000000000000000e+00 0.000000000000000000e+00
2.470099945068359375e+02 2.501499938964843750e+02 2.384199981689453125e+02 2.390000000000000000e+02 2.467490000000000000e+07 0.000000000000000000e+00 0.000000000000000000e+00
2.367599945068359375e+02 2.403300018310546875e+02 2.320299987792968750e+02 2.397299957275390625e+02 2.337810000000000000e+07 0.000000000000000000e+00 0.000000000000000000e+00
2.415500030517578125e+02 2.448200073242187500e+02 2.380500030517578125e+02 2.402799987792968750e+02 1.913360000000000000e+07 0.000000000000000000e+00 0.000000000000000000e+00
2.380000000000000000e+02 2.417599945068359375e+02 2.363300018310546875e+02 2.409299926757812500e+02 1.888070000000000000e+07 0.000000000000000000e+00 0.000000000000000000e+00
2.410000000000000000e+02 2.441600036621093750e+02 2.378600006103515625e+02 2.420299987792968750e+02 1.815240000000000000e+07 0.000000000000000000e+00 0.000000000000000000e+00
2.400599975585937500e+02 2.460500030517578125e+02 2.356399993896484375e+02 2.454199981689453125e+02 2.087220000000000000e+07 0.000000000000000000e+00 0.000000000000000000e+00
2.462200012207031250e+02 2.469100036621093750e+02 2.400800018310546875e+02 2.417500000000000000e+02 1.936420000000000000e+07 0.000000000000000000e+00 0.000000000000000000e+00
2.402599945068359375e+02 2.418999938964843750e+02 2.381199951171875000e+02 2.398699951171875000e+02 1.542790000000000000e+07 0.000000000000000000e+00 0.000000000000000000e+00
2.396300048828125000e+02 2.424199981689453125e+02 2.317500000000000000e+02 2.326000061035156250e+02 2.177180000000000000e+07 0.000000000000000000e+00 0.000000000000000000e+00
2.301900024414062500e+02 2.334900054931640625e+02 2.268999938964843750e+02 2.307100067138671875e+02 1.832580000000000000e+07 0.000000000000000000e+00 0.000000000000000000e+00
2.314600067138671875e+02 2.349499969482421875e+02 2.308300018310546875e+02 2.335000000000000000e+02 1.316310000000000000e+07 0.000000000000000000e+00 0.000000000000000000e+00
2.346300048828125000e+02 2.349600067138671875e+02 2.298300018310546875e+02 2.301199951171875000e+02 1.417010000000000000e+07 0.000000000000000000e+00 0.000000000000000000e+00
2.311399993896484375e+02 2.336999969482421875e+02 2.303099975585937500e+02 2.332899932861328125e+02 1.358830000000000000e+07 0.000000000000000000e+00 0.000000000000000000e+00
2.302200012207031250e+02 2.348899993896484375e+02 2.290000000000000000e+02 2.345000000000000000e+02 2.061530000000000000e+07 0.000000000000000000e+00 0.000000000000000000e+00
2.558200073242187500e+02 2.558500061035156250e+02 2.490000000000000000e+02 2.536699981689453125e+02 5.300510000000000000e+07 0.000000000000000000e+00 0.000000000000000000e+00
2.526499938964843750e+02 2.553999938964843750e+02 2.503300018310546875e+02 2.519600067138671875e+02 2.312490000000000000e+07 0.000000000000000000e+00 0.000000000000000000e+00
2.515599975585937500e+02 2.528000030517578125e+02 2.474299926757812500e+02 2.498300018310546875e+02 1.718350000000000000e+07 0.000000000000000000e+00 0.000000000000000000e+00
2.501900024414062500e+02 2.522700042724609375e+02 2.477700042724609375e+02 2.491199951171875000e+02 1.305010000000000000e+07 0.000000000000000000e+00 0.000000000000000000e+00
2.490399932861328125e+02 2.666000061035156250e+02 2.486699981689453125e+02 2.652799987792968750e+02 4.524160000000000000e+07 0.000000000000000000e+00 0.000000000000000000e+00
2.640799865722656250e+02 2.788900146484375000e+02 2.634299926757812500e+02 2.684400024414062500e+02 7.276640000000000000e+07 0.000000000000000000e+00 0.000000000000000000e+00
2.680400085449218750e+02 2.738599853515625000e+02 2.596900024414062500e+02 2.630000000000000000e+02 3.024880000000000000e+07 0.000000000000000000e+00 0.000000000000000000e+00
2.601900024414062500e+02 2.659200134277343750e+02 2.551300048828125000e+02 2.561300048828125000e+02 2.823830000000000000e+07 0.000000000000000000e+00 0.000000000000000000e+00
2.589700012207031250e+02 2.638999938964843750e+02 2.581099853515625000e+02 2.598900146484375000e+02 2.141570000000000000e+07 0.000000000000000000e+00 0.000000000000000000e+00
2.615499877929687500e+02 2.651600036621093750e+02 2.595700073242187500e+02 2.612999877929687500e+02 1.737400000000000000e+07 0.000000000000000000e+00 0.000000000000000000e+00
2.623099975585937500e+02 2.626499938964843750e+02 2.586799926757812500e+02 2.612399902343750000e+02 1.479270000000000000e+07 0.000000000000000000e+00 0.000000000000000000e+00
2.625000000000000000e+02 2.641000061035156250e+02 2.593999938964843750e+02 2.611600036621093750e+02 1.335110000000000000e+07 0.000000000000000000e+00 0.000000000000000000e+00
2.609500122070312500e+02 2.651499938964843750e+02 2.592600097656250000e+02 2.623399963378906250e+02 1.869040000000000000e+07 0.000000000000000000e+00 0.000000000000000000e+00
2.613900146484375000e+02 2.679100036621093750e+02 2.613500061035156250e+02 2.625899963378906250e+02 2.329150000000000000e+07 0.000000000000000000e+00 0.000000000000000000e+00
2.615000000000000000e+02 2.696300048828125000e+02 2.614599914550781250e+02 2.690100097656250000e+02 2.029970000000000000e+07 0.000000000000000000e+00 0.000000000000000000e+00
2.686900024414062500e+02 2.704899902343750000e+02 2.664200134277343750e+02 2.670100097656250000e+02 1.553860000000000000e+07 0.000000000000000000e+00 0.000000000000000000e+00
2.710700073242187500e+02 2.772500000000000000e+02 2.687699890136718750e+02 2.713900146484375000e+02 2.368560000000000000e+07 0.000000000000000000e+00 0.000000000000000000e+00
2.724100036621093750e+02 2.830899963378906250e+02 2.702600097656250000e+02 2.808200073242187500e+02 4.212720000000000000e+07 0.000000000000000000e+00 0.000000000000000000e+00
2.840000000000000000e+02 3.046700134277343750e+02 2.840000000000000000e+02 3.039100036621093750e+02 6.901520000000000000e+07 0.000000000000000000e+00 0.000000000000000000e+00
3.001600036621093750e+02 3.012300109863281250e+02 2.920199890136718750e+02 2.932200012207031250e+02 3.030130000000000000e+07 0.000000000000000000e+00 0.000000000000000000e+00
2.950000000000000000e+02 2.972300109863281250e+02 2.909800109863281250e+02 2.936600036621093750e+02 1.715740000000000000e+07 0.000000000000000000e+00 0.000000000000000000e+00
2.939500122070312500e+02 2.968800048828125000e+02 2.915499877929687500e+02 2.932000122070312500e+02 1.734510000000000000e+07 0.000000000000000000e+00 0.000000000000000000e+00
2.947099914550781250e+02 3.014899902343750000e+02 2.927099914550781250e+02 2.954400024414062500e+02 1.729590000000000000e+07 0.000000000000000000e+00 0.000000000000000000e+00
2.988800048828125000e+02 3.036000061035156250e+02 2.930499877929687500e+02 3.025000000000000000e+02 2.434140000000000000e+07 0.000000000000000000e+00 0.000000000000000000e+00
2.959899902343750000e+02 2.976000061035156250e+02 2.836300048828125000e+02 2.911199951171875000e+02 3.229410000000000000e+07 0.000000000000000000e+00 0.000000000000000000e+00
2.872500000000000000e+02 2.890000000000000000e+02 2.711400146484375000e+02 2.827300109863281250e+02 3.033370000000000000e+07 0.000000000000000000e+00 0.000000000000000000e+00
2.712799987792968750e+02 2.792999877929687500e+02 2.694200134277343750e+02 2.711600036621093750e+02 2.486400000000000000e+07 0.000000000000000000e+00 0.000000000000000000e+00
2.757699890136718750e+02 2.784800109863281250e+02 2.713500061035156250e+02 2.737200012207031250e+02 2.291880000000000000e+07 0.000000000000000000e+00 0.000000000000000000e+00
2.755100097656250000e+02 2.791600036621093750e+02 2.670299987792968750e+02 2.680899963378906250e+02 2.481470000000000000e+07 0.000000000000000000e+00 0.000000000000000000e+00
2.700599975585937500e+02 2.713900146484375000e+02 2.626400146484375000e+02 2.666099853515625000e+02 1.891390000000000000e+07 0.000000000000000000e+00 0.000000000000000000e+00
2.709500122070312500e+02 2.766400146484375000e+02 2.657000122070312500e+02 2.661499938964843750e+02 2.409380000000000000e+07 0.000000000000000000e+00 0.000000000000000000e+00
2.706700134277343750e+02 2.745199890136718750e+02 2.692999877929687500e+02 2.724200134277343750e+02 1.847850000000000000e+07 0.000000000000000000e+00 0.000000000000000000e+00
2.672900085449218750e+02 2.724400024414062500e+02 2.617900085449218750e+02 2.635199890136718750e+02 2.918340000000000000e+07 0.000000000000000000e+00 0.000000000000000000e+00
2.582799987792968750e+02 2.615000000000000000e+02 2.501900024414062500e+02 2.548200073242187500e+02 3.128140000000000000e+07 0.000000000000000000e+00 0.000000000000000000e+00
2.583999938964843750e+02 2.592000122070312500e+02 2.500500030517578125e+02 2.525299987792968750e+02 2.813080000000000000e+07 0.000000000000000000e+00 0.000000000000000000e+00
2.475399932861328125e+02 2.499499969482421875e+02 2.441300048828125000e+02 2.481499938964843750e+02 2.470940000000000000e+07 0.000000000000000000e+00 0.000000000000000000e+00
2.533099975585937500e+02 2.553200073242187500e+02 2.482200012207031250e+02 2.547500000000000000e+02 3.029310000000000000e+07 0.000000000000000000e+00 0.000000000000000000e+00
2.552599945068359375e+02 2.579899902343750000e+02 2.481499938964843750e+02 2.490200042724609375e+02 1.964130000000000000e+07 0.000000000000000000e+00 0.000000000000000000e+00
2.465000000000000000e+02 2.522400054931640625e+02 2.456199951171875000e+02 2.495299987792968750e+02 2.000680000000000000e+07 0.000000000000000000e+00 0.000000000000000000e+00
2.493999938964843750e+02 2.557500000000000000e+02 2.466100006103515625e+02 2.548200073242187500e+02 1.835130000000000000e+07 0.000000000000000000e+00 0.000000000000000000e+00
2.593999938964843750e+02 2.596000061035156250e+02 2.548200073242187500e+02 2.568200073242187500e+02 1.882630000000000000e+07 0.000000000000000000e+00 0.000000000000000000e+00
2.578099975585937500e+02 2.633299865722656250e+02 2.568999938964843750e+02 2.617900085449218750e+02 2.020020000000000000e+07 0.000000000000000000e+00 0.000000000000000000e+00
2.619800109863281250e+02 2.660799865722656250e+02 2.601000061035156250e+02 2.618999938964843750e+02 2.014250000000000000e+07 0.000000000000000000e+00 0.000000000000000000e+00
2.653500061035156250e+02 2.683299865722656250e+02 2.647999877929687500e+02 2.666300048828125000e+02 2.000980000000000000e+07 0.000000000000000000e+00 0.000000000000000000e+00
2.612099914550781250e+02 2.651499938964843750e+02 2.591799926757812500e+02 2.599400024414062500e+02 1.636760000000000000e+07 0.000000000000000000e+00 0.000000000000000000e+00
2.622000122070312500e+02 2.648699951171875000e+02 2.608399963378906250e+02 2.646499938964843750e+02 1.282230000000000000e+07 0.000000000000000000e+00 0.000000000000000000e+00
2.617799987792968750e+02 2.656900024414062500e+02 2.582399902343750000e+02 2.586600036621093750e+02 1.869690000000000000e+07 0.000000000000000000e+00 0.000000000000000000e+00
2.592099914550781250e+02 2.601799926757812500e+02 2.548200073242187500e+02 2.581199951171875000e+02 2.313340000000000000e+07 0.000000000000000000e+00 0.000000000000000000e+00
2.597500000000000000e+02 2.646199951171875000e+02 2.591499938964843750e+02 2.637600097656250000e+02 1.631280000000000000e+07 0.000000000000000000e+00 0.000000000000000000e+00
2.645199890136718750e+02 2.647500000000000000e+02 2.621700134277343750e+02 2.644500122070312500e+02 1.410780000000000000e+07 0.000000000000000000e+00 0.000000000000000000e+00
2.702000122070312500e+02 2.801799926757812500e+02 2.678699951171875000e+02 2.757500000000000000e+02 3.101930000000000000e+07 0.000000000000000000e+00 0.000000000000000000e+00
2.775799865722656250e+02 2.791000061035156250e+02 2.733900146484375000e+02 2.761400146484375000e+02 1.806330000000000000e+07 0.000000000000000000e+00 0.000000000000000000e+00
2.776199951171875000e+02 2.787500000000000000e+02 2.715000000000000000e+02 2.718200073242187500e+02 1.557780000000000000e+07 0.000000000000000000e+00 0.000000000000000000e+00
2.676000061035156250e+02 2.690400085449218750e+02 2.636700134277343750e+02 2.667200012207031250e+02 1.541610000000000000e+07 0.000000000000000000e+00 0.000000000000000000e+00
2.673800048828125000e+02 2.713699951171875000e+02 2.652999877929687500e+02 2.659299926757812500e+02 1.662270000000000000e+07 0.000000000000000000e+00 0.000000000000000000e+00
2.655299987792968750e+02 2.685499877929687500e+02 2.598800048828125000e+02 2.613999938964843750e+02 1.358700000000000000e+07 0.000000000000000000e+00 0.000000000000000000e+00
2.630599975585937500e+02 2.697000122070312500e+02 2.628800048828125000e+02 2.675599975585937500e+02 1.876320000000000000e+07 0.000000000000000000e+00 0.000000000000000000e+00
2.795599975585937500e+02 2.830499877929687500e+02 2.763699951171875000e+02 2.787300109863281250e+02 2.899860000000000000e+07 0.000000000000000000e+00 0.000000000000000000e+00
2.798699951171875000e+02 2.824500122070312500e+02 2.750400085449218750e+02 2.781199951171875000e+02 1.672000000000000000e+07 0.000000000000000000e+00 0.000000000000000000e+00
2.787999877929687500e+02 2.852399902343750000e+02 2.768200073242187500e+02 2.847900085449218750e+02 1.753520000000000000e+07 0.000000000000000000e+00 0.000000000000000000e+00
2.831600036621093750e+02 2.852300109863281250e+02 2.742600097656250000e+02 2.771099853515625000e+02 2.132290000000000000e+07 0.000000000000000000e+00 0.000000000000000000e+00
2.787600097656250000e+02 2.845100097656250000e+02 2.763099975585937500e+02 2.832900085449218750e+02 1.628720000000000000e+07 0.000000000000000000e+00 0.000000000000000000e+00
2.787900085449218750e+02 2.787900085449218750e+02 2.672600097656250000e+02 2.676700134277343750e+02 2.312180000000000000e+07 0.000000000000000000e+00 0.000000000000000000e+00
2.765499877929687500e+02 2.836000061035156250e+02 2.737799987792968750e+02 2.808299865722656250e+02 3.236810000000000000e+07 0.000000000000000000e+00 0.000000000000000000e+00
2.745000000000000000e+02 2.767000122070312500e+02 2.591000061035156250e+02 2.631099853515625000e+02 4.724780000000000000e+07 0.000000000000000000e+00 0.000000000000000000e+00
2.646000061035156250e+02 2.704700012207031250e+02 2.573399963378906250e+02 2.613599853515625000e+02 2.716570000000000000e+07 0.000000000000000000e+00 0.000000000000000000e+00
2.631600036621093750e+02 2.700499877929687500e+02 2.608800048828125000e+02 2.652999877929687500e+02 1.796190000000000000e+07 0.000000000000000000e+00 0.000000000000000000e+00
2.810000000000000000e+02 2.889400024414062500e+02 2.786199951171875000e+02 2.873800048828125000e+02 3.536440000000000000e+07 0.000000000000000000e+00 0.000000000000000000e+00
2.918999938964843750e+02 2.973800048828125000e+02 2.889500122070312500e+02 2.946799926757812500e+02 2.382360000000000000e+07 0.000000000000000000e+00 0.000000000000000000e+00
2.939500122070312500e+02 2.946000061035156250e+02 2.880599975585937500e+02 2.934100036621093750e+02 1.389100000000000000e+07 0.000000000000000000e+00 0.000000000000000000e+00
2.898699951171875000e+02 2.925799865722656250e+02 2.785299987792968750e+02 2.787699890136718750e+02 2.511770000000000000e+07 0.000000000000000000e+00 0.000000000000000000e+00
2.731000061035156250e+02 2.740000000000000000e+02 2.640000000000000000e+02 2.724299926757812500e+02 2.906770000000000000e+07 0.000000000000000000e+00 0.000000000000000000e+00
2.734700012207031250e+02 2.783999938964843750e+02 2.724800109863281250e+02 2.764800109863281250e+02 1.495700000000000000e+07 0.000000000000000000e+00 0.000000000000000000e+00
2.771799926757812500e+02 2.797500000000000000e+02 2.744299926757812500e+02 2.750799865722656250e+02 1.289950000000000000e+07 0.000000000000000000e+00 0.000000000000000000e+00
2.777200012207031250e+02 2.777600097656250000e+02 2.731000061035156250e+02 2.769500122070312500e+02 1.039120000000000000e+07 0.000000000000000000e+00 0.000000000000000000e+00
2.750499877929687500e+02 2.794100036621093750e+02 2.746300048828125000e+02 2.789599914550781250e+02 1.297040000000000000e+07 0.000000000000000000e+00 0.000000000000000000e+00
2.776799926757812500e+02 2.776799926757812500e+02 2.732900085449218750e+02 2.750000000000000000e+02 1.504030000000000000e+07 0.000000000000000000e+00 0.000000000000000000e+00
2.745199890136718750e+02 2.773900146484375000e+02 2.718399963378906250e+02 2.719700012207031250e+02 1.215290000000000000e+07 0.000000000000000000e+00 0.000000000000000000e+00
2.710199890136718750e+02 2.734700012207031250e+02 2.691900024414062500e+02 2.729400024414062500e+02 1.296370000000000000e+07 0.000000000000000000e+00 0.000000000000000000e+00
2.725599975585937500e+02 2.730000000000000000e+02 2.694100036621093750e+02 2.697000122070312500e+02 1.811470000000000000e+07 0.000000000000000000e+00 0.000000000000000000e+00
2.708900146484375000e+02 2.709500122070312500e+02 2.645299987792968750e+02 2.684299926757812500e+02 2.099080000000000000e+07 0.000000000000000000e+00 0.000000000000000000e+00
2.684899902343750000e+02 2.778200073242187500e+02 2.678699951171875000e+02 2.769200134277343750e+02 1.693040000000000000e+07 0.000000000000000000e+00 0.000000000000000000e+00
2.781400146484375000e+02 2.801799926757812500e+02 2.726499938964843750e+02 2.755899963378906250e+02 1.246700000000000000e+07 0.000000000000000000e+00 0.000000000000000000e+00
2.773900146484375000e+02 2.791300048828125000e+02 2.748200073242187500e+02 2.778099975585937500e+02 7.808400000000000000e+06 0.000000000000000000e+00 0.000000000000000000e+00
2.760299987792968750e+02 2.777000122070312500e+02 2.710100097656250000e+02 2.769700012207031250e+02 1.669330000000000000e+07 0.000000000000000000e+00 0.000000000000000000e+00
2.791600036621093750e+02 2.892999877929687500e+02 2.789599914550781250e+02 2.865499877929687500e+02 2.073890000000000000e+07 0.000000000000000000e+00 0.000000000000000000e+00
2.853599853515625000e+02 2.917799987792968750e+02 2.808299865722656250e+02 2.875199890136718750e+02 1.736160000000000000e+07 0.000000000000000000e+00 0.000000000000000000e+00
2.862500000000000000e+02 2.866499938964843750e+02 2.810700073242187500e+02 2.818500061035156250e+02 1.292170000000000000e+07 0.000000000000000000e+00 0.000000000000000000e+00
2.802999877929687500e+02 2.834599914550781250e+02 2.792999877929687500e+02 2.797000122070312500e+02 1.088030000000000000e+07 0.000000000000000000e+00 0.000000000000000000e+00
2.791900024414062500e+02 2.884899902343750000e+02 2.782000122070312500e+02 2.855799865722656250e+02 1.300770000000000000e+07 0.000000000000000000e+00 0.000000000000000000e+00
2.860100097656250000e+02 2.864299926757812500e+02 2.815499877929687500e+02 2.833999938964843750e+02 1.074770000000000000e+07 0.000000000000000000e+00 0.000000000000000000e+00
2.836600036621093750e+02 2.876300048828125000e+02 2.717500000000000000e+02 2.779200134277343750e+02 2.518970000000000000e+07 0.000000000000000000e+00 0.000000000000000000e+00
2.755400085449218750e+02 2.787300109863281250e+02 2.718599853515625000e+02 2.771199951171875000e+02 2.006510000000000000e+07 0.000000000000000000e+00 0.000000000000000000e+00
2.745299987792968750e+02 2.764800109863281250e+02 2.702500000000000000e+02 2.735499877929687500e+02 1.439140000000000000e+07 0.000000000000000000e+00 0.000000000000000000e+00
2.733699951171875000e+02 2.772200012207031250e+02 2.715599975585937500e+02 2.741900024414062500e+02 1.637690000000000000e+07 0.000000000000000000e+00 0.000000000000000000e+00
2.748299865722656250e+02 2.760799865722656250e+02 2.674700012207031250e+02 2.755499877929687500e+02 2.397950000000000000e+07 0.000000000000000000e+00 0.000000000000000000e+00
2.747600097656250000e+02 2.778599853515625000e+02 2.725100097656250000e+02 2.756700134277343750e+02 1.588500000000000000e+07 0.000000000000000000e+00 0.000000000000000000e+00
2.770700073242187500e+02 2.804400024414062500e+02 2.736099853515625000e+02 2.744800109863281250e+02 1.637780000000000000e+07 0.000000000000000000e+00 0.000000000000000000e+00
2.757699890136718750e+02 2.780000000000000000e+02 2.711400146484375000e+02 2.763999938964843750e+02 2.669320000000000000e+07 0.000000000000000000e+00 0.000000000000000000e+00
2.729800109863281250e+02 2.746700134277343750e+02 2.677900085449218750e+02 2.727900085449218750e+02 1.655370000000000000e+07 0.000000000000000000e+00 0.000000000000000000e+00
2.715000000000000000e+02 2.715000000000000000e+02 2.646300048828125000e+02 2.670899963378906250e+02 1.731290000000000000e+07 0.000000000000000000e+00 0.000000000000000000e+00
2.668900146484375000e+02 2.721700134277343750e+02 2.662300109863281250e+02 2.681099853515625000e+02 1.432900000000000000e+07 0.000000000000000000e+00 0.000000000000000000e+00
2.688800048828125000e+02 2.703999938964843750e+02 2.662000122070312500e+02 2.673999938964843750e+02 6.702000000000000000e+06 0.000000000000000000e+00 0.000000000000000000e+00
2.687399902343750000e+02 2.772999877929687500e+02 2.656600036621093750e+02 2.770000000000000000e+02 2.329970000000000000e+07 0.000000000000000000e+00 0.000000000000000000e+00
2.769500122070312500e+02 2.805100097656250000e+02 2.762799987792968750e+02 2.767799987792968750e+02 1.638300000000000000e+07 0.000000000000000000e+00 0.000000000000000000e+00
2.779500122070312500e+02 2.780799865722656250e+02 2.717099914550781250e+02 2.718699951171875000e+02 1.180380000000000000e+07 0.000000000000000000e+00 0.000000000000000000e+00
2.720000000000000000e+02 2.770899963378906250e+02 2.698099975585937500e+02 2.731600036621093750e+02 1.290040000000000000e+07 0.000000000000000000e+00 0.000000000000000000e+00
2.747799987792968750e+02 2.750000000000000000e+02 2.652000122070312500e+02 2.689400024414062500e+02 1.510610000000000000e+07 0.000000000000000000e+00 0.000000000000000000e+00
2.682900085449218750e+02 2.723999938964843750e+02 2.682099914550781250e+02 2.709700012207031250e+02 9.871600000000000000e+06 0.000000000000000000e+00 0.000000000000000000e+00
2.620000000000000000e+02 2.677500000000000000e+02 2.600100097656250000e+02 2.633099975585937500e+02 2.435410000000000000e+07 0.000000000000000000e+00 0.000000000000000000e+00
2.658999938964843750e+02 2.716099853515625000e+02 2.647799987792968750e+02 2.687399902343750000e+02 1.578980000000000000e+07 0.000000000000000000e+00 0.000000000000000000e+00
2.683099975585937500e+02 2.689500122070312500e+02 2.631799926757812500e+02 2.675700073242187500e+02 1.852830000000000000e+07 0.000000000000000000e+00 0.000000000000000000e+00
2.604800109863281250e+02 2.634700012207031250e+02 2.558999938964843750e+02 2.568399963378906250e+02 3.041230000000000000e+07 0.000000000000000000e+00 0.000000000000000000e+00
2.566300048828125000e+02 2.597200012207031250e+02 2.503000030517578125e+02 2.510899963378906250e+02 2.638350000000000000e+07 0.000000000000000000e+00 0.000000000000000000e+00
2.515500030517578125e+02 2.539499969482421875e+02 2.491999969482421875e+02 2.516399993896484375e+02 1.952890000000000000e+07 0.000000000000000000e+00 0.000000000000000000e+00
2.533999938964843750e+02 2.550299987792968750e+02 2.446100006103515625e+02 2.456399993896484375e+02 2.973940000000000000e+07 0.000000000000000000e+00 0.000000000000000000e+00
2.478999938964843750e+02 2.538600006103515625e+02 2.471600036621093750e+02 2.513600006103515625e+02 2.494290000000000000e+07 0.000000000000000000e+00 0.000000000000000000e+00
2.568999938964843750e+02 2.622000122070312500e+02 2.527200012207031250e+02 2.611000061035156250e+02 2.802850000000000000e+07 0.000000000000000000e+00 0.000000000000000000e+00
2.689299926757812500e+02 2.703200073242187500e+02 2.636000061035156250e+02 2.674800109863281250e+02 2.519990000000000000e+07 0.000000000000000000e+00 0.000000000000000000e+00
2.692600097656250000e+02 2.736000061035156250e+02 2.674899902343750000e+02 2.728699951171875000e+02 2.083870000000000000e+07 0.000000000000000000e+00 0.000000000000000000e+00
2.720100097656250000e+02 2.784700012207031250e+02 2.720000000000000000e+02 2.745000000000000000e+02 2.195400000000000000e+07 0.000000000000000000e+00 0.000000000000000000e+00
2.781400146484375000e+02 2.801000061035156250e+02 2.715100097656250000e+02 2.780100097656250000e+02 1.908700000000000000e+07 0.000000000000000000e+00 0.000000000000000000e+00
2.781400146484375000e+02 2.853900146484375000e+02 2.778099975585937500e+02 2.820499877929687500e+02 1.937360000000000000e+07 0.000000000000000000e+00 0.000000000000000000e+00
2.825299987792968750e+02 2.834500122070312500e+02 2.681199951171875000e+02 2.721400146484375000e+02 3.534620000000000000e+07 0.000000000000000000e+00 0.000000000000000000e+00
2.771799926757812500e+02 2.867900085449218750e+02 2.647000122070312500e+02 2.650000000000000000e+02 3.775880000000000000e+07 0.000000000000000000e+00 0.000000000000000000e+00
2.652999877929687500e+02 2.665599975585937500e+02 2.548500061035156250e+02 2.583299865722656250e+02 3.038950000000000000e+07 0.000000000000000000e+00 0.000000000000000000e+00
